



00|00 01|ab 02|d8 03|90 04|0a 05|d3 06|bc 07|8c 08|05 09|58 0a|e4 0b|f7 0c|06 0d|45 0e|b3 0f|b8 
10|8f 11|1e 12|2c 13|d0 14|02 15|0f 16|3f 17|ca 18|03 19|bd 1a|af 1b|c1 1c|6b 1d|8a 1e|13 1f|01 
20|64 21|f6 22|f8 23|72 24|16 25|98 26|68 27|86 28|cc 29|5c 2a|a4 2b|d4 2c|92 2d|b6 2e|65 2f|5d 
30|50 31|48 32|70 33|6c 34|da 35|b9 36|ed 37|fd 38|57 39|46 3a|15 3b|5e 3c|84 3d|9d 3e|8d 3f|a7 
40|32 41|94 42|7b 43|54 44|3d 45|23 46|c2 47|a6 48|0b 49|95 4a|4c 4b|ee 4c|4e 4d|c3 4e|fa 4f|42 
50|66 51|a1 52|2e 53|08 54|b2 55|24 56|d9 57|28 58|49 59|a2 5a|5b 5b|76 5c|25 5d|d1 5e|8b 5f|6d 
60|d5 61|6a 62|09 63|52 64|38 65|a5 66|36 67|30 68|9e 69|a3 6a|40 6b|bf 6c|fb 6d|d7 6e|f3 6f|81 
70|82 71|39 72|e3 73|7c 74|87 75|ff 76|2f 77|9b 78|44 79|43 7a|8e 7b|34 7c|cb 7d|e9 7e|de 7f|c4 
80|4d 81|3b 82|e0 83|a0 84|b0 85|f5 86|2a 87|ae 88|3c 89|bb 8a|eb 8b|c8 8c|61 8d|99 8e|53 8f|83 
90|7e 91|04 92|2b 93|17 94|26 95|d6 96|77 97|ba 98|63 99|14 9a|69 9b|e1 9c|7d 9d|0c 9e|21 9f|55 
a0|33 a1|a8 a2|dd a3|1f a4|31 a5|c7 a6|07 a7|88 a8|59 a9|10 aa|12 ab|b1 ac|5f ad|ec ae|80 af|27 
b0|a9 b1|7f b2|51 b3|60 b4|0d b5|4a b6|b5 b7|19 b8|9f b9|7a ba|e5 bb|2d bc|ef bd|9c be|c9 bf|93 
c0|71 c1|1a c2|f1 c3|47 c4|89 c5|c5 c6|29 c7|1d c8|0e c9|62 ca|b7 cb|6f cc|1b cd|be ce|18 cf|aa 
d0|4b d1|3e d2|56 d3|fc d4|20 d5|79 d6|d2 d7|c6 d8|fe d9|c0 da|db db|9a dc|f4 dd|5a de|cd df|78 
e0|41 e1|11 e2|91 e3|3a e4|ea e5|dc e6|67 e7|4f e8|ce e9|cf ea|f2 eb|97 ec|73 ed|e6 ee|b4 ef|f0 
f0|22 f1|74 f2|ac f3|96 f4|85 f5|35 f6|ad f7|e7 f8|e8 f9|37 fa|f9 fb|e2 fc|6e fd|df fe|75 ff|1c 



00|ab 01|00 02|90 03|d8 04|d3 05|0a 06|8c 07|bc 08|58 09|05 0a|f7 0b|e4 0c|45 0d|06 0e|b8 0f|b3 
10|1e 11|8f 12|d0 13|2c 14|0f 15|02 16|ca 17|3f 18|bd 19|03 1a|c1 1b|af 1c|8a 1d|6b 1e|01 1f|13 
20|f6 21|64 22|72 23|f8 24|98 25|16 26|86 27|68 28|5c 29|cc 2a|d4 2b|a4 2c|b6 2d|92 2e|5d 2f|65 
30|48 31|50 32|6c 33|70 34|b9 35|da 36|fd 37|ed 38|46 39|57 3a|5e 3b|15 3c|9d 3d|84 3e|a7 3f|8d 
40|94 41|32 42|54 43|7b 44|23 45|3d 46|a6 47|c2 48|95 49|0b 4a|ee 4b|4c 4c|c3 4d|4e 4e|42 4f|fa 
50|a1 51|66 52|08 53|2e 54|24 55|b2 56|28 57|d9 58|a2 59|49 5a|76 5b|5b 5c|d1 5d|25 5e|6d 5f|8b 
60|6a 61|d5 62|52 63|09 64|a5 65|38 66|30 67|36 68|a3 69|9e 6a|bf 6b|40 6c|d7 6d|fb 6e|81 6f|f3 
70|39 71|82 72|7c 73|e3 74|ff 75|87 76|9b 77|2f 78|43 79|44 7a|34 7b|8e 7c|e9 7d|cb 7e|c4 7f|de 
80|3b 81|4d 82|a0 83|e0 84|f5 85|b0 86|ae 87|2a 88|bb 89|3c 8a|c8 8b|eb 8c|99 8d|61 8e|83 8f|53 
90|04 91|7e 92|17 93|2b 94|d6 95|26 96|ba 97|77 98|14 99|63 9a|e1 9b|69 9c|0c 9d|7d 9e|55 9f|21 
a0|a8 a1|33 a2|1f a3|dd a4|c7 a5|31 a6|88 a7|07 a8|10 a9|59 aa|b1 ab|12 ac|ec ad|5f ae|27 af|80 
b0|7f b1|a9 b2|60 b3|51 b4|4a b5|0d b6|19 b7|b5 b8|7a b9|9f ba|2d bb|e5 bc|9c bd|ef be|93 bf|c9 
c0|1a c1|71 c2|47 c3|f1 c4|c5 c5|89 c6|1d c7|29 c8|62 c9|0e ca|6f cb|b7 cc|be cd|1b ce|aa cf|18 
d0|3e d1|4b d2|fc d3|56 d4|79 d5|20 d6|c6 d7|d2 d8|c0 d9|fe da|9a db|db dc|5a dd|f4 de|78 df|cd 
e0|11 e1|41 e2|3a e3|91 e4|dc e5|ea e6|4f e7|67 e8|cf e9|ce ea|97 eb|f2 ec|e6 ed|73 ee|f0 ef|b4 
f0|74 f1|22 f2|96 f3|ac f4|35 f5|85 f6|e7 f7|ad f8|37 f9|e8 fa|e2 fb|f9 fc|df fd|6e fe|1c ff|75 



00|d8 01|90 02|00 03|ab 04|bc 05|8c 06|0a 07|d3 08|e4 09|f7 0a|05 0b|58 0c|b3 0d|b8 0e|06 0f|45 
10|2c 11|d0 12|8f 13|1e 14|3f 15|ca 16|02 17|0f 18|af 19|c1 1a|03 1b|bd 1c|13 1d|01 1e|6b 1f|8a 
20|f8 21|72 22|64 23|f6 24|68 25|86 26|16 27|98 28|a4 29|d4 2a|cc 2b|5c 2c|65 2d|5d 2e|92 2f|b6 
30|70 31|6c 32|50 33|48 34|ed 35|fd 36|da 37|b9 38|15 39|5e 3a|57 3b|46 3c|8d 3d|a7 3e|84 3f|9d 
40|7b 41|54 42|32 43|94 44|c2 45|a6 46|3d 47|23 48|4c 49|ee 4a|0b 4b|95 4c|fa 4d|42 4e|4e 4f|c3 
50|2e 51|08 52|66 53|a1 54|d9 55|28 56|b2 57|24 58|5b 59|76 5a|49 5b|a2 5c|8b 5d|6d 5e|25 5f|d1 
60|09 61|52 62|d5 63|6a 64|36 65|30 66|38 67|a5 68|40 69|bf 6a|9e 6b|a3 6c|f3 6d|81 6e|fb 6f|d7 
70|e3 71|7c 72|82 73|39 74|2f 75|9b 76|87 77|ff 78|8e 79|34 7a|44 7b|43 7c|de 7d|c4 7e|cb 7f|e9 
80|e0 81|a0 82|4d 83|3b 84|2a 85|ae 86|b0 87|f5 88|eb 89|c8 8a|3c 8b|bb 8c|53 8d|83 8e|61 8f|99 
90|2b 91|17 92|7e 93|04 94|77 95|ba 96|26 97|d6 98|69 99|e1 9a|63 9b|14 9c|21 9d|55 9e|7d 9f|0c 
a0|dd a1|1f a2|33 a3|a8 a4|07 a5|88 a6|31 a7|c7 a8|12 a9|b1 aa|59 ab|10 ac|80 ad|27 ae|5f af|ec 
b0|51 b1|60 b2|a9 b3|7f b4|b5 b5|19 b6|0d b7|4a b8|e5 b9|2d ba|9f bb|7a bc|c9 bd|93 be|ef bf|9c 
c0|f1 c1|47 c2|71 c3|1a c4|29 c5|1d c6|89 c7|c5 c8|b7 c9|6f ca|0e cb|62 cc|18 cd|aa ce|1b cf|be 
d0|56 d1|fc d2|4b d3|3e d4|d2 d5|c6 d6|20 d7|79 d8|db d9|9a da|fe db|c0 dc|cd dd|78 de|f4 df|5a 
e0|91 e1|3a e2|41 e3|11 e4|67 e5|4f e6|ea e7|dc e8|f2 e9|97 ea|ce eb|cf ec|b4 ed|f0 ee|73 ef|e6 
f0|ac f1|96 f2|22 f3|74 f4|ad f5|e7 f6|85 f7|35 f8|f9 f9|e2 fa|e8 fb|37 fc|75 fd|1c fe|6e ff|df 



00|90 01|d8 02|ab 03|00 04|8c 05|bc 06|d3 07|0a 08|f7 09|e4 0a|58 0b|05 0c|b8 0d|b3 0e|45 0f|06 
10|d0 11|2c 12|1e 13|8f 14|ca 15|3f 16|0f 17|02 18|c1 19|af 1a|bd 1b|03 1c|01 1d|13 1e|8a 1f|6b 
20|72 21|f8 22|f6 23|64 24|86 25|68 26|98 27|16 28|d4 29|a4 2a|5c 2b|cc 2c|5d 2d|65 2e|b6 2f|92 
30|6c 31|70 32|48 33|50 34|fd 35|ed 36|b9 37|da 38|5e 39|15 3a|46 3b|57 3c|a7 3d|8d 3e|9d 3f|84 
40|54 41|7b 42|94 43|32 44|a6 45|c2 46|23 47|3d 48|ee 49|4c 4a|95 4b|0b 4c|42 4d|fa 4e|c3 4f|4e 
50|08 51|2e 52|a1 53|66 54|28 55|d9 56|24 57|b2 58|76 59|5b 5a|a2 5b|49 5c|6d 5d|8b 5e|d1 5f|25 
60|52 61|09 62|6a 63|d5 64|30 65|36 66|a5 67|38 68|bf 69|40 6a|a3 6b|9e 6c|81 6d|f3 6e|d7 6f|fb 
70|7c 71|e3 72|39 73|82 74|9b 75|2f 76|ff 77|87 78|34 79|8e 7a|43 7b|44 7c|c4 7d|de 7e|e9 7f|cb 
80|a0 81|e0 82|3b 83|4d 84|ae 85|2a 86|f5 87|b0 88|c8 89|eb 8a|bb 8b|3c 8c|83 8d|53 8e|99 8f|61 
90|17 91|2b 92|04 93|7e 94|ba 95|77 96|d6 97|26 98|e1 99|69 9a|14 9b|63 9c|55 9d|21 9e|0c 9f|7d 
a0|1f a1|dd a2|a8 a3|33 a4|88 a5|07 a6|c7 a7|31 a8|b1 a9|12 aa|10 ab|59 ac|27 ad|80 ae|ec af|5f 
b0|60 b1|51 b2|7f b3|a9 b4|19 b5|b5 b6|4a b7|0d b8|2d b9|e5 ba|7a bb|9f bc|93 bd|c9 be|9c bf|ef 
c0|47 c1|f1 c2|1a c3|71 c4|1d c5|29 c6|c5 c7|89 c8|6f c9|b7 ca|62 cb|0e cc|aa cd|18 ce|be cf|1b 
d0|fc d1|56 d2|3e d3|4b d4|c6 d5|d2 d6|79 d7|20 d8|9a d9|db da|c0 db|fe dc|78 dd|cd de|5a df|f4 
e0|3a e1|91 e2|11 e3|41 e4|4f e5|67 e6|dc e7|ea e8|97 e9|f2 ea|cf eb|ce ec|f0 ed|b4 ee|e6 ef|73 
f0|96 f1|ac f2|74 f3|22 f4|e7 f5|ad f6|35 f7|85 f8|e2 f9|f9 fa|37 fb|e8 fc|1c fd|75 fe|df ff|6e 



00|0a 01|d3 02|bc 03|8c 04|00 05|ab 06|d8 07|90 08|06 09|45 0a|b3 0b|b8 0c|05 0d|58 0e|e4 0f|f7 
10|02 11|0f 12|3f 13|ca 14|8f 15|1e 16|2c 17|d0 18|6b 19|8a 1a|13 1b|01 1c|03 1d|bd 1e|af 1f|c1 
20|16 21|98 22|68 23|86 24|64 25|f6 26|f8 27|72 28|92 29|b6 2a|65 2b|5d 2c|cc 2d|5c 2e|a4 2f|d4 
30|da 31|b9 32|ed 33|fd 34|50 35|48 36|70 37|6c 38|84 39|9d 3a|8d 3b|a7 3c|57 3d|46 3e|15 3f|5e 
40|3d 41|23 42|c2 43|a6 44|32 45|94 46|7b 47|54 48|4e 49|c3 4a|fa 4b|42 4c|0b 4d|95 4e|4c 4f|ee 
50|b2 51|24 52|d9 53|28 54|66 55|a1 56|2e 57|08 58|25 59|d1 5a|8b 5b|6d 5c|49 5d|a2 5e|5b 5f|76 
60|38 61|a5 62|36 63|30 64|d5 65|6a 66|09 67|52 68|fb 69|d7 6a|f3 6b|81 6c|9e 6d|a3 6e|40 6f|bf 
70|87 71|ff 72|2f 73|9b 74|82 75|39 76|e3 77|7c 78|cb 79|e9 7a|de 7b|c4 7c|44 7d|43 7e|8e 7f|34 
80|b0 81|f5 82|2a 83|ae 84|4d 85|3b 86|e0 87|a0 88|61 89|99 8a|53 8b|83 8c|3c 8d|bb 8e|eb 8f|c8 
90|26 91|d6 92|77 93|ba 94|7e 95|04 96|2b 97|17 98|7d 99|0c 9a|21 9b|55 9c|63 9d|14 9e|69 9f|e1 
a0|31 a1|c7 a2|07 a3|88 a4|33 a5|a8 a6|dd a7|1f a8|5f a9|ec aa|80 ab|27 ac|59 ad|10 ae|12 af|b1 
b0|0d b1|4a b2|b5 b3|19 b4|a9 b5|7f b6|51 b7|60 b8|ef b9|9c ba|c9 bb|93 bc|9f bd|7a be|e5 bf|2d 
c0|89 c1|c5 c2|29 c3|1d c4|71 c5|1a c6|f1 c7|47 c8|1b c9|be ca|18 cb|aa cc|0e cd|62 ce|b7 cf|6f 
d0|20 d1|79 d2|d2 d3|c6 d4|4b d5|3e d6|56 d7|fc d8|f4 d9|5a da|cd db|78 dc|fe dd|c0 de|db df|9a 
e0|ea e1|dc e2|67 e3|4f e4|41 e5|11 e6|91 e7|3a e8|73 e9|e6 ea|b4 eb|f0 ec|ce ed|cf ee|f2 ef|97 
f0|85 f1|35 f2|ad f3|e7 f4|22 f5|74 f6|ac f7|96 f8|6e f9|df fa|75 fb|1c fc|e8 fd|37 fe|f9 ff|e2 



00|d3 01|0a 02|8c 03|bc 04|ab 05|00 06|90 07|d8 08|45 09|06 0a|b8 0b|b3 0c|58 0d|05 0e|f7 0f|e4 
10|0f 11|02 12|ca 13|3f 14|1e 15|8f 16|d0 17|2c 18|8a 19|6b 1a|01 1b|13 1c|bd 1d|03 1e|c1 1f|af 
20|98 21|16 22|86 23|68 24|f6 25|64 26|72 27|f8 28|b6 29|92 2a|5d 2b|65 2c|5c 2d|cc 2e|d4 2f|a4 
30|b9 31|da 32|fd 33|ed 34|48 35|50 36|6c 37|70 38|9d 39|84 3a|a7 3b|8d 3c|46 3d|57 3e|5e 3f|15 
40|23 41|3d 42|a6 43|c2 44|94 45|32 46|54 47|7b 48|c3 49|4e 4a|42 4b|fa 4c|95 4d|0b 4e|ee 4f|4c 
50|24 51|b2 52|28 53|d9 54|a1 55|66 56|08 57|2e 58|d1 59|25 5a|6d 5b|8b 5c|a2 5d|49 5e|76 5f|5b 
60|a5 61|38 62|30 63|36 64|6a 65|d5 66|52 67|09 68|d7 69|fb 6a|81 6b|f3 6c|a3 6d|9e 6e|bf 6f|40 
70|ff 71|87 72|9b 73|2f 74|39 75|82 76|7c 77|e3 78|e9 79|cb 7a|c4 7b|de 7c|43 7d|44 7e|34 7f|8e 
80|f5 81|b0 82|ae 83|2a 84|3b 85|4d 86|a0 87|e0 88|99 89|61 8a|83 8b|53 8c|bb 8d|3c 8e|c8 8f|eb 
90|d6 91|26 92|ba 93|77 94|04 95|7e 96|17 97|2b 98|0c 99|7d 9a|55 9b|21 9c|14 9d|63 9e|e1 9f|69 
a0|c7 a1|31 a2|88 a3|07 a4|a8 a5|33 a6|1f a7|dd a8|ec a9|5f aa|27 ab|80 ac|10 ad|59 ae|b1 af|12 
b0|4a b1|0d b2|19 b3|b5 b4|7f b5|a9 b6|60 b7|51 b8|9c b9|ef ba|93 bb|c9 bc|7a bd|9f be|2d bf|e5 
c0|c5 c1|89 c2|1d c3|29 c4|1a c5|71 c6|47 c7|f1 c8|be c9|1b ca|aa cb|18 cc|62 cd|0e ce|6f cf|b7 
d0|79 d1|20 d2|c6 d3|d2 d4|3e d5|4b d6|fc d7|56 d8|5a d9|f4 da|78 db|cd dc|c0 dd|fe de|9a df|db 
e0|dc e1|ea e2|4f e3|67 e4|11 e5|41 e6|3a e7|91 e8|e6 e9|73 ea|f0 eb|b4 ec|cf ed|ce ee|97 ef|f2 
f0|35 f1|85 f2|e7 f3|ad f4|74 f5|22 f6|96 f7|ac f8|df f9|6e fa|1c fb|75 fc|37 fd|e8 fe|e2 ff|f9 



00|bc 01|8c 02|0a 03|d3 04|d8 05|90 06|00 07|ab 08|b3 09|b8 0a|06 0b|45 0c|e4 0d|f7 0e|05 0f|58 
10|3f 11|ca 12|02 13|0f 14|2c 15|d0 16|8f 17|1e 18|13 19|01 1a|6b 1b|8a 1c|af 1d|c1 1e|03 1f|bd 
20|68 21|86 22|16 23|98 24|f8 25|72 26|64 27|f6 28|65 29|5d 2a|92 2b|b6 2c|a4 2d|d4 2e|cc 2f|5c 
30|ed 31|fd 32|da 33|b9 34|70 35|6c 36|50 37|48 38|8d 39|a7 3a|84 3b|9d 3c|15 3d|5e 3e|57 3f|46 
40|c2 41|a6 42|3d 43|23 44|7b 45|54 46|32 47|94 48|fa 49|42 4a|4e 4b|c3 4c|4c 4d|ee 4e|0b 4f|95 
50|d9 51|28 52|b2 53|24 54|2e 55|08 56|66 57|a1 58|8b 59|6d 5a|25 5b|d1 5c|5b 5d|76 5e|49 5f|a2 
60|36 61|30 62|38 63|a5 64|09 65|52 66|d5 67|6a 68|f3 69|81 6a|fb 6b|d7 6c|40 6d|bf 6e|9e 6f|a3 
70|2f 71|9b 72|87 73|ff 74|e3 75|7c 76|82 77|39 78|de 79|c4 7a|cb 7b|e9 7c|8e 7d|34 7e|44 7f|43 
80|2a 81|ae 82|b0 83|f5 84|e0 85|a0 86|4d 87|3b 88|53 89|83 8a|61 8b|99 8c|eb 8d|c8 8e|3c 8f|bb 
90|77 91|ba 92|26 93|d6 94|2b 95|17 96|7e 97|04 98|21 99|55 9a|7d 9b|0c 9c|69 9d|e1 9e|63 9f|14 
a0|07 a1|88 a2|31 a3|c7 a4|dd a5|1f a6|33 a7|a8 a8|80 a9|27 aa|5f ab|ec ac|12 ad|b1 ae|59 af|10 
b0|b5 b1|19 b2|0d b3|4a b4|51 b5|60 b6|a9 b7|7f b8|c9 b9|93 ba|ef bb|9c bc|e5 bd|2d be|9f bf|7a 
c0|29 c1|1d c2|89 c3|c5 c4|f1 c5|47 c6|71 c7|1a c8|18 c9|aa ca|1b cb|be cc|b7 cd|6f ce|0e cf|62 
d0|d2 d1|c6 d2|20 d3|79 d4|56 d5|fc d6|4b d7|3e d8|cd d9|78 da|f4 db|5a dc|db dd|9a de|fe df|c0 
e0|67 e1|4f e2|ea e3|dc e4|91 e5|3a e6|41 e7|11 e8|b4 e9|f0 ea|73 eb|e6 ec|f2 ed|97 ee|ce ef|cf 
f0|ad f1|e7 f2|85 f3|35 f4|ac f5|96 f6|22 f7|74 f8|75 f9|1c fa|6e fb|df fc|f9 fd|e2 fe|e8 ff|37 



00|8c 01|bc 02|d3 03|0a 04|90 05|d8 06|ab 07|00 08|b8 09|b3 0a|45 0b|06 0c|f7 0d|e4 0e|58 0f|05 
10|ca 11|3f 12|0f 13|02 14|d0 15|2c 16|1e 17|8f 18|01 19|13 1a|8a 1b|6b 1c|c1 1d|af 1e|bd 1f|03 
20|86 21|68 22|98 23|16 24|72 25|f8 26|f6 27|64 28|5d 29|65 2a|b6 2b|92 2c|d4 2d|a4 2e|5c 2f|cc 
30|fd 31|ed 32|b9 33|da 34|6c 35|70 36|48 37|50 38|a7 39|8d 3a|9d 3b|84 3c|5e 3d|15 3e|46 3f|57 
40|a6 41|c2 42|23 43|3d 44|54 45|7b 46|94 47|32 48|42 49|fa 4a|c3 4b|4e 4c|ee 4d|4c 4e|95 4f|0b 
50|28 51|d9 52|24 53|b2 54|08 55|2e 56|a1 57|66 58|6d 59|8b 5a|d1 5b|25 5c|76 5d|5b 5e|a2 5f|49 
60|30 61|36 62|a5 63|38 64|52 65|09 66|6a 67|d5 68|81 69|f3 6a|d7 6b|fb 6c|bf 6d|40 6e|a3 6f|9e 
70|9b 71|2f 72|ff 73|87 74|7c 75|e3 76|39 77|82 78|c4 79|de 7a|e9 7b|cb 7c|34 7d|8e 7e|43 7f|44 
80|ae 81|2a 82|f5 83|b0 84|a0 85|e0 86|3b 87|4d 88|83 89|53 8a|99 8b|61 8c|c8 8d|eb 8e|bb 8f|3c 
90|ba 91|77 92|d6 93|26 94|17 95|2b 96|04 97|7e 98|55 99|21 9a|0c 9b|7d 9c|e1 9d|69 9e|14 9f|63 
a0|88 a1|07 a2|c7 a3|31 a4|1f a5|dd a6|a8 a7|33 a8|27 a9|80 aa|ec ab|5f ac|b1 ad|12 ae|10 af|59 
b0|19 b1|b5 b2|4a b3|0d b4|60 b5|51 b6|7f b7|a9 b8|93 b9|c9 ba|9c bb|ef bc|2d bd|e5 be|7a bf|9f 
c0|1d c1|29 c2|c5 c3|89 c4|47 c5|f1 c6|1a c7|71 c8|aa c9|18 ca|be cb|1b cc|6f cd|b7 ce|62 cf|0e 
d0|c6 d1|d2 d2|79 d3|20 d4|fc d5|56 d6|3e d7|4b d8|78 d9|cd da|5a db|f4 dc|9a dd|db de|c0 df|fe 
e0|4f e1|67 e2|dc e3|ea e4|3a e5|91 e6|11 e7|41 e8|f0 e9|b4 ea|e6 eb|73 ec|97 ed|f2 ee|cf ef|ce 
f0|e7 f1|ad f2|35 f3|85 f4|96 f5|ac f6|74 f7|22 f8|1c f9|75 fa|df fb|6e fc|e2 fd|f9 fe|37 ff|e8 



00|05 01|58 02|e4 03|f7 04|06 05|45 06|b3 07|b8 08|00 09|ab 0a|d8 0b|90 0c|0a 0d|d3 0e|bc 0f|8c 
10|03 11|bd 12|af 13|c1 14|6b 15|8a 16|13 17|01 18|8f 19|1e 1a|2c 1b|d0 1c|02 1d|0f 1e|3f 1f|ca 
20|cc 21|5c 22|a4 23|d4 24|92 25|b6 26|65 27|5d 28|64 29|f6 2a|f8 2b|72 2c|16 2d|98 2e|68 2f|86 
30|57 31|46 32|15 33|5e 34|84 35|9d 36|8d 37|a7 38|50 39|48 3a|70 3b|6c 3c|da 3d|b9 3e|ed 3f|fd 
40|0b 41|95 42|4c 43|ee 44|4e 45|c3 46|fa 47|42 48|32 49|94 4a|7b 4b|54 4c|3d 4d|23 4e|c2 4f|a6 
50|49 51|a2 52|5b 53|76 54|25 55|d1 56|8b 57|6d 58|66 59|a1 5a|2e 5b|08 5c|b2 5d|24 5e|d9 5f|28 
60|9e 61|a3 62|40 63|bf 64|fb 65|d7 66|f3 67|81 68|d5 69|6a 6a|09 6b|52 6c|38 6d|a5 6e|36 6f|30 
70|44 71|43 72|8e 73|34 74|cb 75|e9 76|de 77|c4 78|82 79|39 7a|e3 7b|7c 7c|87 7d|ff 7e|2f 7f|9b 
80|3c 81|bb 82|eb 83|c8 84|61 85|99 86|53 87|83 88|4d 89|3b 8a|e0 8b|a0 8c|b0 8d|f5 8e|2a 8f|ae 
90|63 91|14 92|69 93|e1 94|7d 95|0c 96|21 97|55 98|7e 99|04 9a|2b 9b|17 9c|26 9d|d6 9e|77 9f|ba 
a0|59 a1|10 a2|12 a3|b1 a4|5f a5|ec a6|80 a7|27 a8|33 a9|a8 aa|dd ab|1f ac|31 ad|c7 ae|07 af|88 
b0|9f b1|7a b2|e5 b3|2d b4|ef b5|9c b6|c9 b7|93 b8|a9 b9|7f ba|51 bb|60 bc|0d bd|4a be|b5 bf|19 
c0|0e c1|62 c2|b7 c3|6f c4|1b c5|be c6|18 c7|aa c8|71 c9|1a ca|f1 cb|47 cc|89 cd|c5 ce|29 cf|1d 
d0|fe d1|c0 d2|db d3|9a d4|f4 d5|5a d6|cd d7|78 d8|4b d9|3e da|56 db|fc dc|20 dd|79 de|d2 df|c6 
e0|ce e1|cf e2|f2 e3|97 e4|73 e5|e6 e6|b4 e7|f0 e8|41 e9|11 ea|91 eb|3a ec|ea ed|dc ee|67 ef|4f 
f0|e8 f1|37 f2|f9 f3|e2 f4|6e f5|df f6|75 f7|1c f8|22 f9|74 fa|ac fb|96 fc|85 fd|35 fe|ad ff|e7 



00|58 01|05 02|f7 03|e4 04|45 05|06 06|b8 07|b3 08|ab 09|00 0a|90 0b|d8 0c|d3 0d|0a 0e|8c 0f|bc 
10|bd 11|03 12|c1 13|af 14|8a 15|6b 16|01 17|13 18|1e 19|8f 1a|d0 1b|2c 1c|0f 1d|02 1e|ca 1f|3f 
20|5c 21|cc 22|d4 23|a4 24|b6 25|92 26|5d 27|65 28|f6 29|64 2a|72 2b|f8 2c|98 2d|16 2e|86 2f|68 
30|46 31|57 32|5e 33|15 34|9d 35|84 36|a7 37|8d 38|48 39|50 3a|6c 3b|70 3c|b9 3d|da 3e|fd 3f|ed 
40|95 41|0b 42|ee 43|4c 44|c3 45|4e 46|42 47|fa 48|94 49|32 4a|54 4b|7b 4c|23 4d|3d 4e|a6 4f|c2 
50|a2 51|49 52|76 53|5b 54|d1 55|25 56|6d 57|8b 58|a1 59|66 5a|08 5b|2e 5c|24 5d|b2 5e|28 5f|d9 
60|a3 61|9e 62|bf 63|40 64|d7 65|fb 66|81 67|f3 68|6a 69|d5 6a|52 6b|09 6c|a5 6d|38 6e|30 6f|36 
70|43 71|44 72|34 73|8e 74|e9 75|cb 76|c4 77|de 78|39 79|82 7a|7c 7b|e3 7c|ff 7d|87 7e|9b 7f|2f 
80|bb 81|3c 82|c8 83|eb 84|99 85|61 86|83 87|53 88|3b 89|4d 8a|a0 8b|e0 8c|f5 8d|b0 8e|ae 8f|2a 
90|14 91|63 92|e1 93|69 94|0c 95|7d 96|55 97|21 98|04 99|7e 9a|17 9b|2b 9c|d6 9d|26 9e|ba 9f|77 
a0|10 a1|59 a2|b1 a3|12 a4|ec a5|5f a6|27 a7|80 a8|a8 a9|33 aa|1f ab|dd ac|c7 ad|31 ae|88 af|07 
b0|7a b1|9f b2|2d b3|e5 b4|9c b5|ef b6|93 b7|c9 b8|7f b9|a9 ba|60 bb|51 bc|4a bd|0d be|19 bf|b5 
c0|62 c1|0e c2|6f c3|b7 c4|be c5|1b c6|aa c7|18 c8|1a c9|71 ca|47 cb|f1 cc|c5 cd|89 ce|1d cf|29 
d0|c0 d1|fe d2|9a d3|db d4|5a d5|f4 d6|78 d7|cd d8|3e d9|4b da|fc db|56 dc|79 dd|20 de|c6 df|d2 
e0|cf e1|ce e2|97 e3|f2 e4|e6 e5|73 e6|f0 e7|b4 e8|11 e9|41 ea|3a eb|91 ec|dc ed|ea ee|4f ef|67 
f0|37 f1|e8 f2|e2 f3|f9 f4|df f5|6e f6|1c f7|75 f8|74 f9|22 fa|96 fb|ac fc|35 fd|85 fe|e7 ff|ad 



00|e4 01|f7 02|05 03|58 04|b3 05|b8 06|06 07|45 08|d8 09|90 0a|00 0b|ab 0c|bc 0d|8c 0e|0a 0f|d3 
10|af 11|c1 12|03 13|bd 14|13 15|01 16|6b 17|8a 18|2c 19|d0 1a|8f 1b|1e 1c|3f 1d|ca 1e|02 1f|0f 
20|a4 21|d4 22|cc 23|5c 24|65 25|5d 26|92 27|b6 28|f8 29|72 2a|64 2b|f6 2c|68 2d|86 2e|16 2f|98 
30|15 31|5e 32|57 33|46 34|8d 35|a7 36|84 37|9d 38|70 39|6c 3a|50 3b|48 3c|ed 3d|fd 3e|da 3f|b9 
40|4c 41|ee 42|0b 43|95 44|fa 45|42 46|4e 47|c3 48|7b 49|54 4a|32 4b|94 4c|c2 4d|a6 4e|3d 4f|23 
50|5b 51|76 52|49 53|a2 54|8b 55|6d 56|25 57|d1 58|2e 59|08 5a|66 5b|a1 5c|d9 5d|28 5e|b2 5f|24 
60|40 61|bf 62|9e 63|a3 64|f3 65|81 66|fb 67|d7 68|09 69|52 6a|d5 6b|6a 6c|36 6d|30 6e|38 6f|a5 
70|8e 71|34 72|44 73|43 74|de 75|c4 76|cb 77|e9 78|e3 79|7c 7a|82 7b|39 7c|2f 7d|9b 7e|87 7f|ff 
80|eb 81|c8 82|3c 83|bb 84|53 85|83 86|61 87|99 88|e0 89|a0 8a|4d 8b|3b 8c|2a 8d|ae 8e|b0 8f|f5 
90|69 91|e1 92|63 93|14 94|21 95|55 96|7d 97|0c 98|2b 99|17 9a|7e 9b|04 9c|77 9d|ba 9e|26 9f|d6 
a0|12 a1|b1 a2|59 a3|10 a4|80 a5|27 a6|5f a7|ec a8|dd a9|1f aa|33 ab|a8 ac|07 ad|88 ae|31 af|c7 
b0|e5 b1|2d b2|9f b3|7a b4|c9 b5|93 b6|ef b7|9c b8|51 b9|60 ba|a9 bb|7f bc|b5 bd|19 be|0d bf|4a 
c0|b7 c1|6f c2|0e c3|62 c4|18 c5|aa c6|1b c7|be c8|f1 c9|47 ca|71 cb|1a cc|29 cd|1d ce|89 cf|c5 
d0|db d1|9a d2|fe d3|c0 d4|cd d5|78 d6|f4 d7|5a d8|56 d9|fc da|4b db|3e dc|d2 dd|c6 de|20 df|79 
e0|f2 e1|97 e2|ce e3|cf e4|b4 e5|f0 e6|73 e7|e6 e8|91 e9|3a ea|41 eb|11 ec|67 ed|4f ee|ea ef|dc 
f0|f9 f1|e2 f2|e8 f3|37 f4|75 f5|1c f6|6e f7|df f8|ac f9|96 fa|22 fb|74 fc|ad fd|e7 fe|85 ff|35 



00|f7 01|e4 02|58 03|05 04|b8 05|b3 06|45 07|06 08|90 09|d8 0a|ab 0b|00 0c|8c 0d|bc 0e|d3 0f|0a 
10|c1 11|af 12|bd 13|03 14|01 15|13 16|8a 17|6b 18|d0 19|2c 1a|1e 1b|8f 1c|ca 1d|3f 1e|0f 1f|02 
20|d4 21|a4 22|5c 23|cc 24|5d 25|65 26|b6 27|92 28|72 29|f8 2a|f6 2b|64 2c|86 2d|68 2e|98 2f|16 
30|5e 31|15 32|46 33|57 34|a7 35|8d 36|9d 37|84 38|6c 39|70 3a|48 3b|50 3c|fd 3d|ed 3e|b9 3f|da 
40|ee 41|4c 42|95 43|0b 44|42 45|fa 46|c3 47|4e 48|54 49|7b 4a|94 4b|32 4c|a6 4d|c2 4e|23 4f|3d 
50|76 51|5b 52|a2 53|49 54|6d 55|8b 56|d1 57|25 58|08 59|2e 5a|a1 5b|66 5c|28 5d|d9 5e|24 5f|b2 
60|bf 61|40 62|a3 63|9e 64|81 65|f3 66|d7 67|fb 68|52 69|09 6a|6a 6b|d5 6c|30 6d|36 6e|a5 6f|38 
70|34 71|8e 72|43 73|44 74|c4 75|de 76|e9 77|cb 78|7c 79|e3 7a|39 7b|82 7c|9b 7d|2f 7e|ff 7f|87 
80|c8 81|eb 82|bb 83|3c 84|83 85|53 86|99 87|61 88|a0 89|e0 8a|3b 8b|4d 8c|ae 8d|2a 8e|f5 8f|b0 
90|e1 91|69 92|14 93|63 94|55 95|21 96|0c 97|7d 98|17 99|2b 9a|04 9b|7e 9c|ba 9d|77 9e|d6 9f|26 
a0|b1 a1|12 a2|10 a3|59 a4|27 a5|80 a6|ec a7|5f a8|1f a9|dd aa|a8 ab|33 ac|88 ad|07 ae|c7 af|31 
b0|2d b1|e5 b2|7a b3|9f b4|93 b5|c9 b6|9c b7|ef b8|60 b9|51 ba|7f bb|a9 bc|19 bd|b5 be|4a bf|0d 
c0|6f c1|b7 c2|62 c3|0e c4|aa c5|18 c6|be c7|1b c8|47 c9|f1 ca|1a cb|71 cc|1d cd|29 ce|c5 cf|89 
d0|9a d1|db d2|c0 d3|fe d4|78 d5|cd d6|5a d7|f4 d8|fc d9|56 da|3e db|4b dc|c6 dd|d2 de|79 df|20 
e0|97 e1|f2 e2|cf e3|ce e4|f0 e5|b4 e6|e6 e7|73 e8|3a e9|91 ea|11 eb|41 ec|4f ed|67 ee|dc ef|ea 
f0|e2 f1|f9 f2|37 f3|e8 f4|1c f5|75 f6|df f7|6e f8|96 f9|ac fa|74 fb|22 fc|e7 fd|ad fe|35 ff|85 



00|06 01|45 02|b3 03|b8 04|05 05|58 06|e4 07|f7 08|0a 09|d3 0a|bc 0b|8c 0c|00 0d|ab 0e|d8 0f|90 
10|6b 11|8a 12|13 13|01 14|03 15|bd 16|af 17|c1 18|02 19|0f 1a|3f 1b|ca 1c|8f 1d|1e 1e|2c 1f|d0 
20|92 21|b6 22|65 23|5d 24|cc 25|5c 26|a4 27|d4 28|16 29|98 2a|68 2b|86 2c|64 2d|f6 2e|f8 2f|72 
30|84 31|9d 32|8d 33|a7 34|57 35|46 36|15 37|5e 38|da 39|b9 3a|ed 3b|fd 3c|50 3d|48 3e|70 3f|6c 
40|4e 41|c3 42|fa 43|42 44|0b 45|95 46|4c 47|ee 48|3d 49|23 4a|c2 4b|a6 4c|32 4d|94 4e|7b 4f|54 
50|25 51|d1 52|8b 53|6d 54|49 55|a2 56|5b 57|76 58|b2 59|24 5a|d9 5b|28 5c|66 5d|a1 5e|2e 5f|08 
60|fb 61|d7 62|f3 63|81 64|9e 65|a3 66|40 67|bf 68|38 69|a5 6a|36 6b|30 6c|d5 6d|6a 6e|09 6f|52 
70|cb 71|e9 72|de 73|c4 74|44 75|43 76|8e 77|34 78|87 79|ff 7a|2f 7b|9b 7c|82 7d|39 7e|e3 7f|7c 
80|61 81|99 82|53 83|83 84|3c 85|bb 86|eb 87|c8 88|b0 89|f5 8a|2a 8b|ae 8c|4d 8d|3b 8e|e0 8f|a0 
90|7d 91|0c 92|21 93|55 94|63 95|14 96|69 97|e1 98|26 99|d6 9a|77 9b|ba 9c|7e 9d|04 9e|2b 9f|17 
a0|5f a1|ec a2|80 a3|27 a4|59 a5|10 a6|12 a7|b1 a8|31 a9|c7 aa|07 ab|88 ac|33 ad|a8 ae|dd af|1f 
b0|ef b1|9c b2|c9 b3|93 b4|9f b5|7a b6|e5 b7|2d b8|0d b9|4a ba|b5 bb|19 bc|a9 bd|7f be|51 bf|60 
c0|1b c1|be c2|18 c3|aa c4|0e c5|62 c6|b7 c7|6f c8|89 c9|c5 ca|29 cb|1d cc|71 cd|1a ce|f1 cf|47 
d0|f4 d1|5a d2|cd d3|78 d4|fe d5|c0 d6|db d7|9a d8|20 d9|79 da|d2 db|c6 dc|4b dd|3e de|56 df|fc 
e0|73 e1|e6 e2|b4 e3|f0 e4|ce e5|cf e6|f2 e7|97 e8|ea e9|dc ea|67 eb|4f ec|41 ed|11 ee|91 ef|3a 
f0|6e f1|df f2|75 f3|1c f4|e8 f5|37 f6|f9 f7|e2 f8|85 f9|35 fa|ad fb|e7 fc|22 fd|74 fe|ac ff|96 



00|45 01|06 02|b8 03|b3 04|58 05|05 06|f7 07|e4 08|d3 09|0a 0a|8c 0b|bc 0c|ab 0d|00 0e|90 0f|d8 
10|8a 11|6b 12|01 13|13 14|bd 15|03 16|c1 17|af 18|0f 19|02 1a|ca 1b|3f 1c|1e 1d|8f 1e|d0 1f|2c 
20|b6 21|92 22|5d 23|65 24|5c 25|cc 26|d4 27|a4 28|98 29|16 2a|86 2b|68 2c|f6 2d|64 2e|72 2f|f8 
30|9d 31|84 32|a7 33|8d 34|46 35|57 36|5e 37|15 38|b9 39|da 3a|fd 3b|ed 3c|48 3d|50 3e|6c 3f|70 
40|c3 41|4e 42|42 43|fa 44|95 45|0b 46|ee 47|4c 48|23 49|3d 4a|a6 4b|c2 4c|94 4d|32 4e|54 4f|7b 
50|d1 51|25 52|6d 53|8b 54|a2 55|49 56|76 57|5b 58|24 59|b2 5a|28 5b|d9 5c|a1 5d|66 5e|08 5f|2e 
60|d7 61|fb 62|81 63|f3 64|a3 65|9e 66|bf 67|40 68|a5 69|38 6a|30 6b|36 6c|6a 6d|d5 6e|52 6f|09 
70|e9 71|cb 72|c4 73|de 74|43 75|44 76|34 77|8e 78|ff 79|87 7a|9b 7b|2f 7c|39 7d|82 7e|7c 7f|e3 
80|99 81|61 82|83 83|53 84|bb 85|3c 86|c8 87|eb 88|f5 89|b0 8a|ae 8b|2a 8c|3b 8d|4d 8e|a0 8f|e0 
90|0c 91|7d 92|55 93|21 94|14 95|63 96|e1 97|69 98|d6 99|26 9a|ba 9b|77 9c|04 9d|7e 9e|17 9f|2b 
a0|ec a1|5f a2|27 a3|80 a4|10 a5|59 a6|b1 a7|12 a8|c7 a9|31 aa|88 ab|07 ac|a8 ad|33 ae|1f af|dd 
b0|9c b1|ef b2|93 b3|c9 b4|7a b5|9f b6|2d b7|e5 b8|4a b9|0d ba|19 bb|b5 bc|7f bd|a9 be|60 bf|51 
c0|be c1|1b c2|aa c3|18 c4|62 c5|0e c6|6f c7|b7 c8|c5 c9|89 ca|1d cb|29 cc|1a cd|71 ce|47 cf|f1 
d0|5a d1|f4 d2|78 d3|cd d4|c0 d5|fe d6|9a d7|db d8|79 d9|20 da|c6 db|d2 dc|3e dd|4b de|fc df|56 
e0|e6 e1|73 e2|f0 e3|b4 e4|cf e5|ce e6|97 e7|f2 e8|dc e9|ea ea|4f eb|67 ec|11 ed|41 ee|3a ef|91 
f0|df f1|6e f2|1c f3|75 f4|37 f5|e8 f6|e2 f7|f9 f8|35 f9|85 fa|e7 fb|ad fc|74 fd|22 fe|96 ff|ac 



00|b3 01|b8 02|06 03|45 04|e4 05|f7 06|05 07|58 08|bc 09|8c 0a|0a 0b|d3 0c|d8 0d|90 0e|00 0f|ab 
10|13 11|01 12|6b 13|8a 14|af 15|c1 16|03 17|bd 18|3f 19|ca 1a|02 1b|0f 1c|2c 1d|d0 1e|8f 1f|1e 
20|65 21|5d 22|92 23|b6 24|a4 25|d4 26|cc 27|5c 28|68 29|86 2a|16 2b|98 2c|f8 2d|72 2e|64 2f|f6 
30|8d 31|a7 32|84 33|9d 34|15 35|5e 36|57 37|46 38|ed 39|fd 3a|da 3b|b9 3c|70 3d|6c 3e|50 3f|48 
40|fa 41|42 42|4e 43|c3 44|4c 45|ee 46|0b 47|95 48|c2 49|a6 4a|3d 4b|23 4c|7b 4d|54 4e|32 4f|94 
50|8b 51|6d 52|25 53|d1 54|5b 55|76 56|49 57|a2 58|d9 59|28 5a|b2 5b|24 5c|2e 5d|08 5e|66 5f|a1 
60|f3 61|81 62|fb 63|d7 64|40 65|bf 66|9e 67|a3 68|36 69|30 6a|38 6b|a5 6c|09 6d|52 6e|d5 6f|6a 
70|de 71|c4 72|cb 73|e9 74|8e 75|34 76|44 77|43 78|2f 79|9b 7a|87 7b|ff 7c|e3 7d|7c 7e|82 7f|39 
80|53 81|83 82|61 83|99 84|eb 85|c8 86|3c 87|bb 88|2a 89|ae 8a|b0 8b|f5 8c|e0 8d|a0 8e|4d 8f|3b 
90|21 91|55 92|7d 93|0c 94|69 95|e1 96|63 97|14 98|77 99|ba 9a|26 9b|d6 9c|2b 9d|17 9e|7e 9f|04 
a0|80 a1|27 a2|5f a3|ec a4|12 a5|b1 a6|59 a7|10 a8|07 a9|88 aa|31 ab|c7 ac|dd ad|1f ae|33 af|a8 
b0|c9 b1|93 b2|ef b3|9c b4|e5 b5|2d b6|9f b7|7a b8|b5 b9|19 ba|0d bb|4a bc|51 bd|60 be|a9 bf|7f 
c0|18 c1|aa c2|1b c3|be c4|b7 c5|6f c6|0e c7|62 c8|29 c9|1d ca|89 cb|c5 cc|f1 cd|47 ce|71 cf|1a 
d0|cd d1|78 d2|f4 d3|5a d4|db d5|9a d6|fe d7|c0 d8|d2 d9|c6 da|20 db|79 dc|56 dd|fc de|4b df|3e 
e0|b4 e1|f0 e2|73 e3|e6 e4|f2 e5|97 e6|ce e7|cf e8|67 e9|4f ea|ea eb|dc ec|91 ed|3a ee|41 ef|11 
f0|75 f1|1c f2|6e f3|df f4|f9 f5|e2 f6|e8 f7|37 f8|ad f9|e7 fa|85 fb|35 fc|ac fd|96 fe|22 ff|74 



00|b8 01|b3 02|45 03|06 04|f7 05|e4 06|58 07|05 08|8c 09|bc 0a|d3 0b|0a 0c|90 0d|d8 0e|ab 0f|00 
10|01 11|13 12|8a 13|6b 14|c1 15|af 16|bd 17|03 18|ca 19|3f 1a|0f 1b|02 1c|d0 1d|2c 1e|1e 1f|8f 
20|5d 21|65 22|b6 23|92 24|d4 25|a4 26|5c 27|cc 28|86 29|68 2a|98 2b|16 2c|72 2d|f8 2e|f6 2f|64 
30|a7 31|8d 32|9d 33|84 34|5e 35|15 36|46 37|57 38|fd 39|ed 3a|b9 3b|da 3c|6c 3d|70 3e|48 3f|50 
40|42 41|fa 42|c3 43|4e 44|ee 45|4c 46|95 47|0b 48|a6 49|c2 4a|23 4b|3d 4c|54 4d|7b 4e|94 4f|32 
50|6d 51|8b 52|d1 53|25 54|76 55|5b 56|a2 57|49 58|28 59|d9 5a|24 5b|b2 5c|08 5d|2e 5e|a1 5f|66 
60|81 61|f3 62|d7 63|fb 64|bf 65|40 66|a3 67|9e 68|30 69|36 6a|a5 6b|38 6c|52 6d|09 6e|6a 6f|d5 
70|c4 71|de 72|e9 73|cb 74|34 75|8e 76|43 77|44 78|9b 79|2f 7a|ff 7b|87 7c|7c 7d|e3 7e|39 7f|82 
80|83 81|53 82|99 83|61 84|c8 85|eb 86|bb 87|3c 88|ae 89|2a 8a|f5 8b|b0 8c|a0 8d|e0 8e|3b 8f|4d 
90|55 91|21 92|0c 93|7d 94|e1 95|69 96|14 97|63 98|ba 99|77 9a|d6 9b|26 9c|17 9d|2b 9e|04 9f|7e 
a0|27 a1|80 a2|ec a3|5f a4|b1 a5|12 a6|10 a7|59 a8|88 a9|07 aa|c7 ab|31 ac|1f ad|dd ae|a8 af|33 
b0|93 b1|c9 b2|9c b3|ef b4|2d b5|e5 b6|7a b7|9f b8|19 b9|b5 ba|4a bb|0d bc|60 bd|51 be|7f bf|a9 
c0|aa c1|18 c2|be c3|1b c4|6f c5|b7 c6|62 c7|0e c8|1d c9|29 ca|c5 cb|89 cc|47 cd|f1 ce|1a cf|71 
d0|78 d1|cd d2|5a d3|f4 d4|9a d5|db d6|c0 d7|fe d8|c6 d9|d2 da|79 db|20 dc|fc dd|56 de|3e df|4b 
e0|f0 e1|b4 e2|e6 e3|73 e4|97 e5|f2 e6|cf e7|ce e8|4f e9|67 ea|dc eb|ea ec|3a ed|91 ee|11 ef|41 
f0|1c f1|75 f2|df f3|6e f4|e2 f5|f9 f6|37 f7|e8 f8|e7 f9|ad fa|35 fb|85 fc|96 fd|ac fe|74 ff|22 



00|8f 01|1e 02|2c 03|d0 04|02 05|0f 06|3f 07|ca 08|03 09|bd 0a|af 0b|c1 0c|6b 0d|8a 0e|13 0f|01 
10|00 11|ab 12|d8 13|90 14|0a 15|d3 16|bc 17|8c 18|05 19|58 1a|e4 1b|f7 1c|06 1d|45 1e|b3 1f|b8 
20|50 21|48 22|70 23|6c 24|da 25|b9 26|ed 27|fd 28|57 29|46 2a|15 2b|5e 2c|84 2d|9d 2e|8d 2f|a7 
30|64 31|f6 32|f8 33|72 34|16 35|98 36|68 37|86 38|cc 39|5c 3a|a4 3b|d4 3c|92 3d|b6 3e|65 3f|5d 
40|66 41|a1 42|2e 43|08 44|b2 45|24 46|d9 47|28 48|49 49|a2 4a|5b 4b|76 4c|25 4d|d1 4e|8b 4f|6d 
50|32 51|94 52|7b 53|54 54|3d 55|23 56|c2 57|a6 58|0b 59|95 5a|4c 5b|ee 5c|4e 5d|c3 5e|fa 5f|42 
60|82 61|39 62|e3 63|7c 64|87 65|ff 66|2f 67|9b 68|44 69|43 6a|8e 6b|34 6c|cb 6d|e9 6e|de 6f|c4 
70|d5 71|6a 72|09 73|52 74|38 75|a5 76|36 77|30 78|9e 79|a3 7a|40 7b|bf 7c|fb 7d|d7 7e|f3 7f|81 
80|7e 81|04 82|2b 83|17 84|26 85|d6 86|77 87|ba 88|63 89|14 8a|69 8b|e1 8c|7d 8d|0c 8e|21 8f|55 
90|4d 91|3b 92|e0 93|a0 94|b0 95|f5 96|2a 97|ae 98|3c 99|bb 9a|eb 9b|c8 9c|61 9d|99 9e|53 9f|83 
a0|a9 a1|7f a2|51 a3|60 a4|0d a5|4a a6|b5 a7|19 a8|9f a9|7a aa|e5 ab|2d ac|ef ad|9c ae|c9 af|93 
b0|33 b1|a8 b2|dd b3|1f b4|31 b5|c7 b6|07 b7|88 b8|59 b9|10 ba|12 bb|b1 bc|5f bd|ec be|80 bf|27 
c0|4b c1|3e c2|56 c3|fc c4|20 c5|79 c6|d2 c7|c6 c8|fe c9|c0 ca|db cb|9a cc|f4 cd|5a ce|cd cf|78 
d0|71 d1|1a d2|f1 d3|47 d4|89 d5|c5 d6|29 d7|1d d8|0e d9|62 da|b7 db|6f dc|1b dd|be de|18 df|aa 
e0|22 e1|74 e2|ac e3|96 e4|85 e5|35 e6|ad e7|e7 e8|e8 e9|37 ea|f9 eb|e2 ec|6e ed|df ee|75 ef|1c 
f0|41 f1|11 f2|91 f3|3a f4|ea f5|dc f6|67 f7|4f f8|ce f9|cf fa|f2 fb|97 fc|73 fd|e6 fe|b4 ff|f0 



00|1e 01|8f 02|d0 03|2c 04|0f 05|02 06|ca 07|3f 08|bd 09|03 0a|c1 0b|af 0c|8a 0d|6b 0e|01 0f|13 
10|ab 11|00 12|90 13|d8 14|d3 15|0a 16|8c 17|bc 18|58 19|05 1a|f7 1b|e4 1c|45 1d|06 1e|b8 1f|b3 
20|48 21|50 22|6c 23|70 24|b9 25|da 26|fd 27|ed 28|46 29|57 2a|5e 2b|15 2c|9d 2d|84 2e|a7 2f|8d 
30|f6 31|64 32|72 33|f8 34|98 35|16 36|86 37|68 38|5c 39|cc 3a|d4 3b|a4 3c|b6 3d|92 3e|5d 3f|65 
40|a1 41|66 42|08 43|2e 44|24 45|b2 46|28 47|d9 48|a2 49|49 4a|76 4b|5b 4c|d1 4d|25 4e|6d 4f|8b 
50|94 51|32 52|54 53|7b 54|23 55|3d 56|a6 57|c2 58|95 59|0b 5a|ee 5b|4c 5c|c3 5d|4e 5e|42 5f|fa 
60|39 61|82 62|7c 63|e3 64|ff 65|87 66|9b 67|2f 68|43 69|44 6a|34 6b|8e 6c|e9 6d|cb 6e|c4 6f|de 
70|6a 71|d5 72|52 73|09 74|a5 75|38 76|30 77|36 78|a3 79|9e 7a|bf 7b|40 7c|d7 7d|fb 7e|81 7f|f3 
80|04 81|7e 82|17 83|2b 84|d6 85|26 86|ba 87|77 88|14 89|63 8a|e1 8b|69 8c|0c 8d|7d 8e|55 8f|21 
90|3b 91|4d 92|a0 93|e0 94|f5 95|b0 96|ae 97|2a 98|bb 99|3c 9a|c8 9b|eb 9c|99 9d|61 9e|83 9f|53 
a0|7f a1|a9 a2|60 a3|51 a4|4a a5|0d a6|19 a7|b5 a8|7a a9|9f aa|2d ab|e5 ac|9c ad|ef ae|93 af|c9 
b0|a8 b1|33 b2|1f b3|dd b4|c7 b5|31 b6|88 b7|07 b8|10 b9|59 ba|b1 bb|12 bc|ec bd|5f be|27 bf|80 
c0|3e c1|4b c2|fc c3|56 c4|79 c5|20 c6|c6 c7|d2 c8|c0 c9|fe ca|9a cb|db cc|5a cd|f4 ce|78 cf|cd 
d0|1a d1|71 d2|47 d3|f1 d4|c5 d5|89 d6|1d d7|29 d8|62 d9|0e da|6f db|b7 dc|be dd|1b de|aa df|18 
e0|74 e1|22 e2|96 e3|ac e4|35 e5|85 e6|e7 e7|ad e8|37 e9|e8 ea|e2 eb|f9 ec|df ed|6e ee|1c ef|75 
f0|11 f1|41 f2|3a f3|91 f4|dc f5|ea f6|4f f7|67 f8|cf f9|ce fa|97 fb|f2 fc|e6 fd|73 fe|f0 ff|b4 



00|2c 01|d0 02|8f 03|1e 04|3f 05|ca 06|02 07|0f 08|af 09|c1 0a|03 0b|bd 0c|13 0d|01 0e|6b 0f|8a 
10|d8 11|90 12|00 13|ab 14|bc 15|8c 16|0a 17|d3 18|e4 19|f7 1a|05 1b|58 1c|b3 1d|b8 1e|06 1f|45 
20|70 21|6c 22|50 23|48 24|ed 25|fd 26|da 27|b9 28|15 29|5e 2a|57 2b|46 2c|8d 2d|a7 2e|84 2f|9d 
30|f8 31|72 32|64 33|f6 34|68 35|86 36|16 37|98 38|a4 39|d4 3a|cc 3b|5c 3c|65 3d|5d 3e|92 3f|b6 
40|2e 41|08 42|66 43|a1 44|d9 45|28 46|b2 47|24 48|5b 49|76 4a|49 4b|a2 4c|8b 4d|6d 4e|25 4f|d1 
50|7b 51|54 52|32 53|94 54|c2 55|a6 56|3d 57|23 58|4c 59|ee 5a|0b 5b|95 5c|fa 5d|42 5e|4e 5f|c3 
60|e3 61|7c 62|82 63|39 64|2f 65|9b 66|87 67|ff 68|8e 69|34 6a|44 6b|43 6c|de 6d|c4 6e|cb 6f|e9 
70|09 71|52 72|d5 73|6a 74|36 75|30 76|38 77|a5 78|40 79|bf 7a|9e 7b|a3 7c|f3 7d|81 7e|fb 7f|d7 
80|2b 81|17 82|7e 83|04 84|77 85|ba 86|26 87|d6 88|69 89|e1 8a|63 8b|14 8c|21 8d|55 8e|7d 8f|0c 
90|e0 91|a0 92|4d 93|3b 94|2a 95|ae 96|b0 97|f5 98|eb 99|c8 9a|3c 9b|bb 9c|53 9d|83 9e|61 9f|99 
a0|51 a1|60 a2|a9 a3|7f a4|b5 a5|19 a6|0d a7|4a a8|e5 a9|2d aa|9f ab|7a ac|c9 ad|93 ae|ef af|9c 
b0|dd b1|1f b2|33 b3|a8 b4|07 b5|88 b6|31 b7|c7 b8|12 b9|b1 ba|59 bb|10 bc|80 bd|27 be|5f bf|ec 
c0|56 c1|fc c2|4b c3|3e c4|d2 c5|c6 c6|20 c7|79 c8|db c9|9a ca|fe cb|c0 cc|cd cd|78 ce|f4 cf|5a 
d0|f1 d1|47 d2|71 d3|1a d4|29 d5|1d d6|89 d7|c5 d8|b7 d9|6f da|0e db|62 dc|18 dd|aa de|1b df|be 
e0|ac e1|96 e2|22 e3|74 e4|ad e5|e7 e6|85 e7|35 e8|f9 e9|e2 ea|e8 eb|37 ec|75 ed|1c ee|6e ef|df 
f0|91 f1|3a f2|41 f3|11 f4|67 f5|4f f6|ea f7|dc f8|f2 f9|97 fa|ce fb|cf fc|b4 fd|f0 fe|73 ff|e6 



00|d0 01|2c 02|1e 03|8f 04|ca 05|3f 06|0f 07|02 08|c1 09|af 0a|bd 0b|03 0c|01 0d|13 0e|8a 0f|6b 
10|90 11|d8 12|ab 13|00 14|8c 15|bc 16|d3 17|0a 18|f7 19|e4 1a|58 1b|05 1c|b8 1d|b3 1e|45 1f|06 
20|6c 21|70 22|48 23|50 24|fd 25|ed 26|b9 27|da 28|5e 29|15 2a|46 2b|57 2c|a7 2d|8d 2e|9d 2f|84 
30|72 31|f8 32|f6 33|64 34|86 35|68 36|98 37|16 38|d4 39|a4 3a|5c 3b|cc 3c|5d 3d|65 3e|b6 3f|92 
40|08 41|2e 42|a1 43|66 44|28 45|d9 46|24 47|b2 48|76 49|5b 4a|a2 4b|49 4c|6d 4d|8b 4e|d1 4f|25 
50|54 51|7b 52|94 53|32 54|a6 55|c2 56|23 57|3d 58|ee 59|4c 5a|95 5b|0b 5c|42 5d|fa 5e|c3 5f|4e 
60|7c 61|e3 62|39 63|82 64|9b 65|2f 66|ff 67|87 68|34 69|8e 6a|43 6b|44 6c|c4 6d|de 6e|e9 6f|cb 
70|52 71|09 72|6a 73|d5 74|30 75|36 76|a5 77|38 78|bf 79|40 7a|a3 7b|9e 7c|81 7d|f3 7e|d7 7f|fb 
80|17 81|2b 82|04 83|7e 84|ba 85|77 86|d6 87|26 88|e1 89|69 8a|14 8b|63 8c|55 8d|21 8e|0c 8f|7d 
90|a0 91|e0 92|3b 93|4d 94|ae 95|2a 96|f5 97|b0 98|c8 99|eb 9a|bb 9b|3c 9c|83 9d|53 9e|99 9f|61 
a0|60 a1|51 a2|7f a3|a9 a4|19 a5|b5 a6|4a a7|0d a8|2d a9|e5 aa|7a ab|9f ac|93 ad|c9 ae|9c af|ef 
b0|1f b1|dd b2|a8 b3|33 b4|88 b5|07 b6|c7 b7|31 b8|b1 b9|12 ba|10 bb|59 bc|27 bd|80 be|ec bf|5f 
c0|fc c1|56 c2|3e c3|4b c4|c6 c5|d2 c6|79 c7|20 c8|9a c9|db ca|c0 cb|fe cc|78 cd|cd ce|5a cf|f4 
d0|47 d1|f1 d2|1a d3|71 d4|1d d5|29 d6|c5 d7|89 d8|6f d9|b7 da|62 db|0e dc|aa dd|18 de|be df|1b 
e0|96 e1|ac e2|74 e3|22 e4|e7 e5|ad e6|35 e7|85 e8|e2 e9|f9 ea|37 eb|e8 ec|1c ed|75 ee|df ef|6e 
f0|3a f1|91 f2|11 f3|41 f4|4f f5|67 f6|dc f7|ea f8|97 f9|f2 fa|cf fb|ce fc|f0 fd|b4 fe|e6 ff|73 



00|02 01|0f 02|3f 03|ca 04|8f 05|1e 06|2c 07|d0 08|6b 09|8a 0a|13 0b|01 0c|03 0d|bd 0e|af 0f|c1 
10|0a 11|d3 12|bc 13|8c 14|00 15|ab 16|d8 17|90 18|06 19|45 1a|b3 1b|b8 1c|05 1d|58 1e|e4 1f|f7 
20|da 21|b9 22|ed 23|fd 24|50 25|48 26|70 27|6c 28|84 29|9d 2a|8d 2b|a7 2c|57 2d|46 2e|15 2f|5e 
30|16 31|98 32|68 33|86 34|64 35|f6 36|f8 37|72 38|92 39|b6 3a|65 3b|5d 3c|cc 3d|5c 3e|a4 3f|d4 
40|b2 41|24 42|d9 43|28 44|66 45|a1 46|2e 47|08 48|25 49|d1 4a|8b 4b|6d 4c|49 4d|a2 4e|5b 4f|76 
50|3d 51|23 52|c2 53|a6 54|32 55|94 56|7b 57|54 58|4e 59|c3 5a|fa 5b|42 5c|0b 5d|95 5e|4c 5f|ee 
60|87 61|ff 62|2f 63|9b 64|82 65|39 66|e3 67|7c 68|cb 69|e9 6a|de 6b|c4 6c|44 6d|43 6e|8e 6f|34 
70|38 71|a5 72|36 73|30 74|d5 75|6a 76|09 77|52 78|fb 79|d7 7a|f3 7b|81 7c|9e 7d|a3 7e|40 7f|bf 
80|26 81|d6 82|77 83|ba 84|7e 85|04 86|2b 87|17 88|7d 89|0c 8a|21 8b|55 8c|63 8d|14 8e|69 8f|e1 
90|b0 91|f5 92|2a 93|ae 94|4d 95|3b 96|e0 97|a0 98|61 99|99 9a|53 9b|83 9c|3c 9d|bb 9e|eb 9f|c8 
a0|0d a1|4a a2|b5 a3|19 a4|a9 a5|7f a6|51 a7|60 a8|ef a9|9c aa|c9 ab|93 ac|9f ad|7a ae|e5 af|2d 
b0|31 b1|c7 b2|07 b3|88 b4|33 b5|a8 b6|dd b7|1f b8|5f b9|ec ba|80 bb|27 bc|59 bd|10 be|12 bf|b1 
c0|20 c1|79 c2|d2 c3|c6 c4|4b c5|3e c6|56 c7|fc c8|f4 c9|5a ca|cd cb|78 cc|fe cd|c0 ce|db cf|9a 
d0|89 d1|c5 d2|29 d3|1d d4|71 d5|1a d6|f1 d7|47 d8|1b d9|be da|18 db|aa dc|0e dd|62 de|b7 df|6f 
e0|85 e1|35 e2|ad e3|e7 e4|22 e5|74 e6|ac e7|96 e8|6e e9|df ea|75 eb|1c ec|e8 ed|37 ee|f9 ef|e2 
f0|ea f1|dc f2|67 f3|4f f4|41 f5|11 f6|91 f7|3a f8|73 f9|e6 fa|b4 fb|f0 fc|ce fd|cf fe|f2 ff|97 



00|0f 01|02 02|ca 03|3f 04|1e 05|8f 06|d0 07|2c 08|8a 09|6b 0a|01 0b|13 0c|bd 0d|03 0e|c1 0f|af 
10|d3 11|0a 12|8c 13|bc 14|ab 15|00 16|90 17|d8 18|45 19|06 1a|b8 1b|b3 1c|58 1d|05 1e|f7 1f|e4 
20|b9 21|da 22|fd 23|ed 24|48 25|50 26|6c 27|70 28|9d 29|84 2a|a7 2b|8d 2c|46 2d|57 2e|5e 2f|15 
30|98 31|16 32|86 33|68 34|f6 35|64 36|72 37|f8 38|b6 39|92 3a|5d 3b|65 3c|5c 3d|cc 3e|d4 3f|a4 
40|24 41|b2 42|28 43|d9 44|a1 45|66 46|08 47|2e 48|d1 49|25 4a|6d 4b|8b 4c|a2 4d|49 4e|76 4f|5b 
50|23 51|3d 52|a6 53|c2 54|94 55|32 56|54 57|7b 58|c3 59|4e 5a|42 5b|fa 5c|95 5d|0b 5e|ee 5f|4c 
60|ff 61|87 62|9b 63|2f 64|39 65|82 66|7c 67|e3 68|e9 69|cb 6a|c4 6b|de 6c|43 6d|44 6e|34 6f|8e 
70|a5 71|38 72|30 73|36 74|6a 75|d5 76|52 77|09 78|d7 79|fb 7a|81 7b|f3 7c|a3 7d|9e 7e|bf 7f|40 
80|d6 81|26 82|ba 83|77 84|04 85|7e 86|17 87|2b 88|0c 89|7d 8a|55 8b|21 8c|14 8d|63 8e|e1 8f|69 
90|f5 91|b0 92|ae 93|2a 94|3b 95|4d 96|a0 97|e0 98|99 99|61 9a|83 9b|53 9c|bb 9d|3c 9e|c8 9f|eb 
a0|4a a1|0d a2|19 a3|b5 a4|7f a5|a9 a6|60 a7|51 a8|9c a9|ef aa|93 ab|c9 ac|7a ad|9f ae|2d af|e5 
b0|c7 b1|31 b2|88 b3|07 b4|a8 b5|33 b6|1f b7|dd b8|ec b9|5f ba|27 bb|80 bc|10 bd|59 be|b1 bf|12 
c0|79 c1|20 c2|c6 c3|d2 c4|3e c5|4b c6|fc c7|56 c8|5a c9|f4 ca|78 cb|cd cc|c0 cd|fe ce|9a cf|db 
d0|c5 d1|89 d2|1d d3|29 d4|1a d5|71 d6|47 d7|f1 d8|be d9|1b da|aa db|18 dc|62 dd|0e de|6f df|b7 
e0|35 e1|85 e2|e7 e3|ad e4|74 e5|22 e6|96 e7|ac e8|df e9|6e ea|1c eb|75 ec|37 ed|e8 ee|e2 ef|f9 
f0|dc f1|ea f2|4f f3|67 f4|11 f5|41 f6|3a f7|91 f8|e6 f9|73 fa|f0 fb|b4 fc|cf fd|ce fe|97 ff|f2 



00|3f 01|ca 02|02 03|0f 04|2c 05|d0 06|8f 07|1e 08|13 09|01 0a|6b 0b|8a 0c|af 0d|c1 0e|03 0f|bd 
10|bc 11|8c 12|0a 13|d3 14|d8 15|90 16|00 17|ab 18|b3 19|b8 1a|06 1b|45 1c|e4 1d|f7 1e|05 1f|58 
20|ed 21|fd 22|da 23|b9 24|70 25|6c 26|50 27|48 28|8d 29|a7 2a|84 2b|9d 2c|15 2d|5e 2e|57 2f|46 
30|68 31|86 32|16 33|98 34|f8 35|72 36|64 37|f6 38|65 39|5d 3a|92 3b|b6 3c|a4 3d|d4 3e|cc 3f|5c 
40|d9 41|28 42|b2 43|24 44|2e 45|08 46|66 47|a1 48|8b 49|6d 4a|25 4b|d1 4c|5b 4d|76 4e|49 4f|a2 
50|c2 51|a6 52|3d 53|23 54|7b 55|54 56|32 57|94 58|fa 59|42 5a|4e 5b|c3 5c|4c 5d|ee 5e|0b 5f|95 
60|2f 61|9b 62|87 63|ff 64|e3 65|7c 66|82 67|39 68|de 69|c4 6a|cb 6b|e9 6c|8e 6d|34 6e|44 6f|43 
70|36 71|30 72|38 73|a5 74|09 75|52 76|d5 77|6a 78|f3 79|81 7a|fb 7b|d7 7c|40 7d|bf 7e|9e 7f|a3 
80|77 81|ba 82|26 83|d6 84|2b 85|17 86|7e 87|04 88|21 89|55 8a|7d 8b|0c 8c|69 8d|e1 8e|63 8f|14 
90|2a 91|ae 92|b0 93|f5 94|e0 95|a0 96|4d 97|3b 98|53 99|83 9a|61 9b|99 9c|eb 9d|c8 9e|3c 9f|bb 
a0|b5 a1|19 a2|0d a3|4a a4|51 a5|60 a6|a9 a7|7f a8|c9 a9|93 aa|ef ab|9c ac|e5 ad|2d ae|9f af|7a 
b0|07 b1|88 b2|31 b3|c7 b4|dd b5|1f b6|33 b7|a8 b8|80 b9|27 ba|5f bb|ec bc|12 bd|b1 be|59 bf|10 
c0|d2 c1|c6 c2|20 c3|79 c4|56 c5|fc c6|4b c7|3e c8|cd c9|78 ca|f4 cb|5a cc|db cd|9a ce|fe cf|c0 
d0|29 d1|1d d2|89 d3|c5 d4|f1 d5|47 d6|71 d7|1a d8|18 d9|aa da|1b db|be dc|b7 dd|6f de|0e df|62 
e0|ad e1|e7 e2|85 e3|35 e4|ac e5|96 e6|22 e7|74 e8|75 e9|1c ea|6e eb|df ec|f9 ed|e2 ee|e8 ef|37 
f0|67 f1|4f f2|ea f3|dc f4|91 f5|3a f6|41 f7|11 f8|b4 f9|f0 fa|73 fb|e6 fc|f2 fd|97 fe|ce ff|cf 



00|ca 01|3f 02|0f 03|02 04|d0 05|2c 06|1e 07|8f 08|01 09|13 0a|8a 0b|6b 0c|c1 0d|af 0e|bd 0f|03 
10|8c 11|bc 12|d3 13|0a 14|90 15|d8 16|ab 17|00 18|b8 19|b3 1a|45 1b|06 1c|f7 1d|e4 1e|58 1f|05 
20|fd 21|ed 22|b9 23|da 24|6c 25|70 26|48 27|50 28|a7 29|8d 2a|9d 2b|84 2c|5e 2d|15 2e|46 2f|57 
30|86 31|68 32|98 33|16 34|72 35|f8 36|f6 37|64 38|5d 39|65 3a|b6 3b|92 3c|d4 3d|a4 3e|5c 3f|cc 
40|28 41|d9 42|24 43|b2 44|08 45|2e 46|a1 47|66 48|6d 49|8b 4a|d1 4b|25 4c|76 4d|5b 4e|a2 4f|49 
50|a6 51|c2 52|23 53|3d 54|54 55|7b 56|94 57|32 58|42 59|fa 5a|c3 5b|4e 5c|ee 5d|4c 5e|95 5f|0b 
60|9b 61|2f 62|ff 63|87 64|7c 65|e3 66|39 67|82 68|c4 69|de 6a|e9 6b|cb 6c|34 6d|8e 6e|43 6f|44 
70|30 71|36 72|a5 73|38 74|52 75|09 76|6a 77|d5 78|81 79|f3 7a|d7 7b|fb 7c|bf 7d|40 7e|a3 7f|9e 
80|ba 81|77 82|d6 83|26 84|17 85|2b 86|04 87|7e 88|55 89|21 8a|0c 8b|7d 8c|e1 8d|69 8e|14 8f|63 
90|ae 91|2a 92|f5 93|b0 94|a0 95|e0 96|3b 97|4d 98|83 99|53 9a|99 9b|61 9c|c8 9d|eb 9e|bb 9f|3c 
a0|19 a1|b5 a2|4a a3|0d a4|60 a5|51 a6|7f a7|a9 a8|93 a9|c9 aa|9c ab|ef ac|2d ad|e5 ae|7a af|9f 
b0|88 b1|07 b2|c7 b3|31 b4|1f b5|dd b6|a8 b7|33 b8|27 b9|80 ba|ec bb|5f bc|b1 bd|12 be|10 bf|59 
c0|c6 c1|d2 c2|79 c3|20 c4|fc c5|56 c6|3e c7|4b c8|78 c9|cd ca|5a cb|f4 cc|9a cd|db ce|c0 cf|fe 
d0|1d d1|29 d2|c5 d3|89 d4|47 d5|f1 d6|1a d7|71 d8|aa d9|18 da|be db|1b dc|6f dd|b7 de|62 df|0e 
e0|e7 e1|ad e2|35 e3|85 e4|96 e5|ac e6|74 e7|22 e8|1c e9|75 ea|df eb|6e ec|e2 ed|f9 ee|37 ef|e8 
f0|4f f1|67 f2|dc f3|ea f4|3a f5|91 f6|11 f7|41 f8|f0 f9|b4 fa|e6 fb|73 fc|97 fd|f2 fe|cf ff|ce 



00|03 01|bd 02|af 03|c1 04|6b 05|8a 06|13 07|01 08|8f 09|1e 0a|2c 0b|d0 0c|02 0d|0f 0e|3f 0f|ca 
10|05 11|58 12|e4 13|f7 14|06 15|45 16|b3 17|b8 18|00 19|ab 1a|d8 1b|90 1c|0a 1d|d3 1e|bc 1f|8c 
20|57 21|46 22|15 23|5e 24|84 25|9d 26|8d 27|a7 28|50 29|48 2a|70 2b|6c 2c|da 2d|b9 2e|ed 2f|fd 
30|cc 31|5c 32|a4 33|d4 34|92 35|b6 36|65 37|5d 38|64 39|f6 3a|f8 3b|72 3c|16 3d|98 3e|68 3f|86 
40|49 41|a2 42|5b 43|76 44|25 45|d1 46|8b 47|6d 48|66 49|a1 4a|2e 4b|08 4c|b2 4d|24 4e|d9 4f|28 
50|0b 51|95 52|4c 53|ee 54|4e 55|c3 56|fa 57|42 58|32 59|94 5a|7b 5b|54 5c|3d 5d|23 5e|c2 5f|a6 
60|44 61|43 62|8e 63|34 64|cb 65|e9 66|de 67|c4 68|82 69|39 6a|e3 6b|7c 6c|87 6d|ff 6e|2f 6f|9b 
70|9e 71|a3 72|40 73|bf 74|fb 75|d7 76|f3 77|81 78|d5 79|6a 7a|09 7b|52 7c|38 7d|a5 7e|36 7f|30 
80|63 81|14 82|69 83|e1 84|7d 85|0c 86|21 87|55 88|7e 89|04 8a|2b 8b|17 8c|26 8d|d6 8e|77 8f|ba 
90|3c 91|bb 92|eb 93|c8 94|61 95|99 96|53 97|83 98|4d 99|3b 9a|e0 9b|a0 9c|b0 9d|f5 9e|2a 9f|ae 
a0|9f a1|7a a2|e5 a3|2d a4|ef a5|9c a6|c9 a7|93 a8|a9 a9|7f aa|51 ab|60 ac|0d ad|4a ae|b5 af|19 
b0|59 b1|10 b2|12 b3|b1 b4|5f b5|ec b6|80 b7|27 b8|33 b9|a8 ba|dd bb|1f bc|31 bd|c7 be|07 bf|88 
c0|fe c1|c0 c2|db c3|9a c4|f4 c5|5a c6|cd c7|78 c8|4b c9|3e ca|56 cb|fc cc|20 cd|79 ce|d2 cf|c6 
d0|0e d1|62 d2|b7 d3|6f d4|1b d5|be d6|18 d7|aa d8|71 d9|1a da|f1 db|47 dc|89 dd|c5 de|29 df|1d 
e0|e8 e1|37 e2|f9 e3|e2 e4|6e e5|df e6|75 e7|1c e8|22 e9|74 ea|ac eb|96 ec|85 ed|35 ee|ad ef|e7 
f0|ce f1|cf f2|f2 f3|97 f4|73 f5|e6 f6|b4 f7|f0 f8|41 f9|11 fa|91 fb|3a fc|ea fd|dc fe|67 ff|4f 



00|bd 01|03 02|c1 03|af 04|8a 05|6b 06|01 07|13 08|1e 09|8f 0a|d0 0b|2c 0c|0f 0d|02 0e|ca 0f|3f 
10|58 11|05 12|f7 13|e4 14|45 15|06 16|b8 17|b3 18|ab 19|00 1a|90 1b|d8 1c|d3 1d|0a 1e|8c 1f|bc 
20|46 21|57 22|5e 23|15 24|9d 25|84 26|a7 27|8d 28|48 29|50 2a|6c 2b|70 2c|b9 2d|da 2e|fd 2f|ed 
30|5c 31|cc 32|d4 33|a4 34|b6 35|92 36|5d 37|65 38|f6 39|64 3a|72 3b|f8 3c|98 3d|16 3e|86 3f|68 
40|a2 41|49 42|76 43|5b 44|d1 45|25 46|6d 47|8b 48|a1 49|66 4a|08 4b|2e 4c|24 4d|b2 4e|28 4f|d9 
50|95 51|0b 52|ee 53|4c 54|c3 55|4e 56|42 57|fa 58|94 59|32 5a|54 5b|7b 5c|23 5d|3d 5e|a6 5f|c2 
60|43 61|44 62|34 63|8e 64|e9 65|cb 66|c4 67|de 68|39 69|82 6a|7c 6b|e3 6c|ff 6d|87 6e|9b 6f|2f 
70|a3 71|9e 72|bf 73|40 74|d7 75|fb 76|81 77|f3 78|6a 79|d5 7a|52 7b|09 7c|a5 7d|38 7e|30 7f|36 
80|14 81|63 82|e1 83|69 84|0c 85|7d 86|55 87|21 88|04 89|7e 8a|17 8b|2b 8c|d6 8d|26 8e|ba 8f|77 
90|bb 91|3c 92|c8 93|eb 94|99 95|61 96|83 97|53 98|3b 99|4d 9a|a0 9b|e0 9c|f5 9d|b0 9e|ae 9f|2a 
a0|7a a1|9f a2|2d a3|e5 a4|9c a5|ef a6|93 a7|c9 a8|7f a9|a9 aa|60 ab|51 ac|4a ad|0d ae|19 af|b5 
